4294967295 0.001167716458439827 -0.36684083938598633 0.012669073417782784
0 0.05731140822172165 -0.46138253808021545 -0.01080547459423542
0 -0.056701935827732086 -0.47200772166252136 -0.0038897618651390076
0 -0.00016841432079672813 -0.25642406940460205 -0.025255611166357994
1 0.1245405450463295 -0.8582507371902466 -0.017459843307733536
2 -0.10742873698472977 -0.851828932762146 -0.018341369926929474
3 0.010040821507573128 -0.10545279085636139 -0.020813267678022385
4 0.07894662022590637 -1.2795366048812866 -0.05860627070069313
5 -0.09027384966611862 -1.2867408990859985 -0.05827895179390907
6 0.001048843376338482 -0.04760591685771942 0.001856427639722824
7 0.12325551360845566 -1.340272307395935 0.07655036449432373
8 -0.12571798264980316 -1.3464106321334839 0.08353389799594879
9 -0.008533559739589691 0.11841501295566559 -0.025383975356817245
9 0.04346946254372597 0.02867145836353302 -0.0033984817564487457
9 -0.04502806067466736 0.02921035885810852 -0.006672579795122147
12 0.01436995342373848 0.27913469076156616 -0.002444187179207802
13 0.18441511690616608 0.0890883207321167 -0.01829751580953598
14 -0.17538338899612427 0.08805958926677704 -0.019258860498666763
16 0.43916380405426025 0.012922734022140503 -0.06378978490829468
17 -0.4478760361671448 0.042133983224630356 -0.05168779566884041
18 0.7107677459716797 0.03853582963347435 -0.0644381046295166
19 -0.7112553119659424 0.042162664234638214 -0.06351002305746078
15 -0.006334424018859863 0.27824634313583374 -0.008624512702226639
15 0.032475147396326065 0.3245546519756317 0.06339424103498459
15 -0.03247562795877457 0.32455432415008545 0.06339309364557266
20 0.8168545961380005 0.02995023876428604 -0.04338148608803749
25 0.8480468392372131 0.017639532685279846 -0.04173923283815384
26 0.854619026184082 -0.0049022771418094635 -0.044588129967451096
20 0.8249880075454712 0.03268417343497276 -0.06839871406555176
28 0.8523000478744507 0.0164652056992054 -0.07343794405460358
29 0.8570515513420105 -0.007877470925450325 -0.07546748965978622
20 0.7989060878753662 0.023787846788764 -0.11093402653932571
31 0.8118817210197449 0.008096909150481224 -0.11565235257148743
32 0.8158119916915894 -0.011667801067233086 -0.11475548893213272
20 0.8126859664916992 0.029587335884571075 -0.09338030964136124
34 0.8369677662849426 0.011988753452897072 -0.09480331093072891
35 0.8407813906669617 -0.01267104409635067 -0.09318231046199799
20 0.7524940371513367 0.018458811566233635 -0.03673416003584862
37 0.7748768329620361 -0.00035203807055950165 -0.023079976439476013
38 0.7997035980224609 -0.008808257058262825 -0.015132106840610504
21 -0.8168534636497498 0.02995218336582184 -0.043379154056310654
40 -0.8480461835861206 0.01764117181301117 -0.041736673563718796
41 -0.8546183109283447 -0.004900746047496796 -0.0445861890912056
21 -0.8249880075454712 0.03268575668334961 -0.0683986097574234
43 -0.8522992134094238 0.016464993357658386 -0.07343849539756775
44 -0.8570504188537598 -0.007877405732870102 -0.07546892017126083
21 -0.7989089488983154 0.023787859827280045 -0.11093457043170929
46 -0.8118840456008911 0.008097648620605469 -0.11565151810646057
47 -0.8158137798309326 -0.011666867882013321 -0.11475498229265213
21 -0.8126874566078186 0.029588887467980385 -0.09338124096393585
49 -0.8369685411453247 0.011990537866950035 -0.09480306506156921
50 -0.8407812118530273 -0.012669675052165985 -0.09318297356367111
21 -0.7524926662445068 0.01845727488398552 -0.036732494831085205
52 -0.7748743295669556 -0.0003528837114572525 -0.02307802066206932
53 -0.7997017502784729 -0.008807431906461716 -0.015130389481782913
