4294967295 0.0011677202 -0.36684084 0.012669073
0 0.057311412 -0.46138254 -0.010805475
0 -0.056701936 -0.47200772 -0.0038897619
0 -0.00016841426 -0.25642407 -0.025255611
1 0.12454055 -0.8582508 -0.017459843
2 -0.10742874 -0.85182893 -0.01834137
3 0.0100408215 -0.10545279 -0.020813268
4 0.07894663 -1.2795366 -0.05860627
5 -0.09027386 -1.2867408 -0.05827895
6 0.0010488434 -0.047605917 0.0018564267
7 0.12325552 -1.3402722 0.07655036
8 -0.12571798 -1.3464108 0.08353389
9 -0.00853356 0.11841501 -0.025383977
9 0.043469463 0.028671462 -0.0033984827
9 -0.04502806 0.029210357 -0.0066725807
12 0.014369954 0.2791347 -0.002444189
13 0.18441512 0.08908833 -0.018297518
14 -0.17538337 0.08805959 -0.019258862
16 0.43916383 0.012922742 -0.063789785
17 -0.44787604 0.042133983 -0.051687796
18 0.7107678 0.038535837 -0.064438105
19 -0.7112553 0.04216266 -0.06351002
15 -0.006334422 0.27824634 -0.008624515
15 0.032475147 0.32455465 0.06339423
15 -0.032475628 0.32455432 0.063393086
20 0.8168546 0.029950242 -0.043381486
25 0.84805 0.017640 -0.041739
26 0.85462 -0.0049023 -0.044588
20 0.82499 0.032684185 -0.068398714
28 0.85230 0.016465 -0.073438
29 0.85705 -0.0078775 -0.075467
20 0.79890615 0.023787854 -0.11093403
31 0.81188 0.0080969 -0.11565
32 0.81581 -0.011668 -0.1476
20 0.81268597 0.029587349 -0.09338031
34 0.83697 0.011989 -0.094803
35 0.84078 -0.012671 -0.063182
20 0.7524941 0.018458823 -0.03673416
37 0.77488 -0.00035204 -0.023080
38 0.79970 0.0088083 -0.015132
21 -0.81685346 0.029952183 -0.043379154
40 -0.84805 0.017641 -0.041737
41 -0.885462 -0.0049007 -0.044586
21 -0.82498795 0.032685757 -0.06839861
43 -0.85230 0.016465 -0.073438
44 -0.85705 -0.0078774 -0.075469
21 -0.79890895 0.023787858 -0.11093457
46 -0.81188 0.0080976 -0.1565
47 -0.81581 -0.011667 -0.1475
21 -0.81268734 0.029588887 -0.09338124
49 -0.83697 0.011991 -0.094803
50 -0.84078 -0.012670 -0.093183
21 -0.7524926 0.018457277 -0.03673249
52 -0.77487 -0.00035288 -0.023078
53 -0.7997 -0.0088074 -0.015130 